RMSE: 29260.804532654744
MAE: 17826.13955479452
